给定循环群 Z₁₂ = {0, 1, 2, 3, 4, 5, 6, 7, 8, 9, 10, 11}，
运算是模12加法：a*b = (a+b) mod 12。

群的乘法表（加法表）：
  +   |  0  1  2  3  4  5  6  7  8  9  10 11
  ----+--------------------------------------------
  0   |  0  1  2  3  4  5  6  7  8  9  10 11
  1   |  1  2  3  4  5  6  7  8  9  10 11 0
  2   |  2  3  4  5  6  7  8  9  10 11 0  1
  3   |  3  4  5  6  7  8  9  10 11 0  1  2
  4   |  4  5  6  7  8  9  10 11 0  1  2  3
  5   |  5  6  7  8  9  10 11 0  1  2  3  4
  6   |  6  7  8  9  10 11 0  1  2  3  4  5
  7   |  7  8  9  10 11 0  1  2  3  4  5  6
  8   |  8  9  10 11 0  1  2  3  4  5  6  7
  9   |  9  10 11 0  1  2  3  4  5  6  7  8
  10  |  10 11 0  1  2  3  4  5  6  7  8  9
  11  |  11 0  1  2  3  4  5  6  7  8  9  10

问题：Z₁₂是否是循环群？如果是，找出所有生成元。

--- 系统提示 ---
在解题过程中，以下方向可能对你有帮助：

方向1：通过元素阶分布识别群的同构类型。例如：4阶群中若有阶4元素则是Z₄，否则是V₄；24阶群中若有1个阶1+9个阶2+8个阶3+6个阶4则是S₄。

方向2：群表示G=<S|R>，S是生成元集合，R是关系集合。例如Z₄=<a|a⁴=e>。群表示可以帮助识别群的同构类型。

方向3：群的指数exp(G)是所有元素阶的最小公倍数。G是循环群当且仅当exp(G)=|G|。用指数快速判断循环性。

