给定循环群 Z₁₂ = {0, 1, 2, 3, 4, 5, 6, 7, 8, 9, 10, 11}，
运算是模12加法：a*b = (a+b) mod 12。

群的乘法表（加法表）：
  +   |  0  1  2  3  4  5  6  7  8  9  10 11
  ----+--------------------------------------------
  0   |  0  1  2  3  4  5  6  7  8  9  10 11
  1   |  1  2  3  4  5  6  7  8  9  10 11 0
  2   |  2  3  4  5  6  7  8  9  10 11 0  1
  3   |  3  4  5  6  7  8  9  10 11 0  1  2
  4   |  4  5  6  7  8  9  10 11 0  1  2  3
  5   |  5  6  7  8  9  10 11 0  1  2  3  4
  6   |  6  7  8  9  10 11 0  1  2  3  4  5
  7   |  7  8  9  10 11 0  1  2  3  4  5  6
  8   |  8  9  10 11 0  1  2  3  4  5  6  7
  9   |  9  10 11 0  1  2  3  4  5  6  7  8
  10  |  10 11 0  1  2  3  4  5  6  7  8  9
  11  |  11 0  1  2  3  4  5  6  7  8  9  10

问题：Z₁₂是否是循环群？如果是，找出所有生成元。